                                                            *** CLUB INFORMATION ***
________________________________________________________________________________________________________________________________________________
************************************************************************************************************************************************
CLUB NAME: Bray golf club                                                                                                                  
CLUB LOCATION: Wicklowwwwwwwwwwwwwwwwwwww                                                                            
CLUB CAPACITY: 1500 members                                                                                                                    
COURSE RATING: 74                                                                                                                              
PLAYING COURSE CONDITIONS: -1  shots                                                                                                           
SLOPE RATING: 55                                                                                                                               
BLUE           888    888    888    888    888    888    888    888    888    888    888    888    888    888    888    888    888    888      
DARK GREEN     888    888    888    888    888    888    888    888    888    888    888    888    888    888    888    888    888    888      
GREY           888    888    888    888    888    888    888    888    888    888    888    888    888    888    888    888    888    888      
HOLE             1      2      3      4      5      6      7      8      9     10     11     12     13     14     15     16     17     18      
INDEX            4      4      5      3      3      4      4      4      4      4      4      4      4      4      4      4      4      4      
PAR              4      3      4      5      4      3      4      5      4      3      4      5      4      3      4      5      4      3      
________________________________________________________________________________________________________________________________________________
************************************************************************************************************************************************
                                                            *** CLUB INFORMATION ***
________________________________________________________________________________________________________________________________________________
************************************************************************************************************************************************
CLUB NAME: bray golf club                                                                                                                      
CLUB LOCATION: Wicklow                                                                                                                         
CLUB CAPACITY: 1500 members                                                                                                                    
COURSE RATING: 74                                                                                                                              
PLAYING COURSE CONDITIONS: -1  shots                                                                                                           
SLOPE RATING: 60                                                                                                                               
BLUE           111    111    111    111    111    111    111    111    111    111    111    111    111    111    111    111    111    111      
DARK GREEN     111    999    999    999    999    999    999    999    999    999    999    999    999    999    999    999    999    999      
GREY           999    999    666    666    666    666    666    666    666    666    666    666    666    666    666    666    666    666      
HOLE             1      2      3      4      5      6      7      8      9     10     11     12     13     14     15     16     17     18      
INDEX            4      9      9      9      9      9      9      9      9      9      9      9      9      9      9      9      9      9      
PAR              5      4      4      5      4      4      4      4      4      4      4      4      4      4      4      4      4      4      
________________________________________________________________________________________________________________________________________________
************************************************************************************************************************************************
