                                                            *** CLUB INFORMATION ***
________________________________________________________________________________________________________________________________________________
************************************************************************************************************************************************
CLUB NAME: dddddddddddddddddddddddddddddddddddddddddddd golf club                                  
CLUB LOCATION: ddddddddddddddddddddddddddddddddddddddddddddddddddddddddddddddd  
CLUB CAPACITY: 15000 members                                                                                                                    
COURSE RATING: 74                                                                                                                              
PLAYING COURSE CONDITIONS: -1  shots                                                                                                           
SLOPE RATING: 155                                                                                                                              
BLUE           765    467    444    321    546    567    743    147    892    234    233    123    122    220    235    456    565    455      
DARK GREEN     984    844    234    321    234    323    345    343    332    223    223    234    344    343    344    344    343    343      
GREY           343    344    343    123    234    234    234    234    234    234    444    222    123    234    234    344    344    234      
HOLE             1      2      3      4      5      6      7      8      9     10     11     12     13     14     15     16     17     18      
INDEX            5      4      3      2      1      6      7      8      9     10     11     12     13     14     15     16     17     18      
PAR              3      4      5      4      3      4      5      4      3      4      5      4      3      4      5      4      3      4      
________________________________________________________________________________________________________________________________________________
************************************************************************************************************************************************
