CLUB NAME: Lucan
LOCATION: Lucan
CAPACITY: 4000
COURSE RATING: 72
PCC (PLAYING COURSE CONDITIONS): 0
SLOPE RATING: 113


                                                            *** CLUB INFORMATION ***
________________________________________________________________________________________________________________________________________________
************************************************************************************************************************************************
CLUB NAME: Lucan golf club                                                                                                                     
CLUB LOCATION: Lucan                                                                                                                           
CLUB CAPACITY: 4000 members                                                                                                                    
COURSE RATING: 72                                                                                                                              |
PLAYING COURSE CONDITIONS:   0 shots                                                                                                           
SLOPE RATING: 113                                                                                                                              
BLUE           387    327    418    100    416    321    145    376    352    378    174    299    336    260    352    192    447    539      
DARK GREEN     377    320    412    100    407    314    139    372    345    370    168    293    329    253    328    185    439    531      
GREY           339    285    389    100    411    286    128    364    304    306    127    281    319    299    316    160    364    460      
HOLE             1      2      3      4      5      6      7      8      9     10     11     12     13     14     15     16     17     18      
INDEX            8      4      6     18     14     16     10      2     12      1      5     15      7     17      9     11     13      3      
PAR              4      4      4      3      5      4      3      4      4      4      3      4      4      4      4      3      5      5      
________________________________________________________________________________________________________________________________________________
************************************************************************************************************************************************
