                                                            *** CLUB INFORMATION ***
________________________________________________________________________________________________________________________________________________
************************************************************************************************************************************************
CLUB NAME: WestMoore golf club                                                                                                        
CLUB LOCATION: Cork                                                                                                                        
CLUB CAPACITY: 15000 members                                                                                                                    
COURSE RATING: 74                                                                                                                              
PLAYING COURSE CONDITIONS: -1  shots                                                                                                           
SLOPE RATING: 56                                                                                                                               
BLUE           777    777    777    777    777    777    777    777    777    777    111    111    111    111    111    111    111    111      
DARK GREEN     111    111    111    111    111    111    111    111    111    111    111    111    111    111    111    111    111    111      
GREY           111    111    111    111    111    111    111    111    111    111    111    111    111    111    111    111    111    111      
HOLE             1      2      3      4      5      6      7      8      9     10     11     12     13     14     15     16     17     18      
INDEX            4      5      4      4      4      4      5      4      4      4      4      4      4      4      4      4      4      4      
PAR              3      3      4      4      4      4      5      4      5      4      4      5      4      3      4      5      4      3      
________________________________________________________________________________________________________________________________________________
************************************************************************************************************************************************
